# configinc/HABIT, 315 episodes, 5.05 h. One episode index per line.
# 5 random episodes per task (all 63 tasks, fewer where a task has fewer), seed 7. There is no sample command;
# this list is the record of the draw.
31
33
144
150
180
182
244
494
603
636
686
688
722
759
776
823
863
903
906
913
919
922
934
941
1037
1076
1092
1217
1230
1276
1342
1509
1574
1581
1625
1661
1700
1730
1799
1828
1902
1904
1925
2100
2120
2135
2228
2254
2273
2348
2364
2388
2391
2421
2485
2509
2515
2632
2643
2644
2701
2736
2743
2757
2866
2964
2990
3092
3129
3147
3186
3196
3276
3435
3483
3492
3498
3575
3580
3619
3658
3664
3733
3827
3875
3879
4025
4098
4148
4187
4247
4260
4330
4355
4403
4406
4425
4441
4457
4572
4587
4627
4657
4662
4666
4721
4726
4762
4768
4790
4958
4969
5039
5041
5052
5088
5120
5122
5136
5153
5182
5184
5191
5194
5235
5347
5364
5385
5386
5405
5412
5418
5431
5474
5477
5522
5538
5546
5603
5623
5627
5653
5672
5699
5709
5712
5723
5733
5743
5763
5770
5787
5792
5803
5815
5846
5847
5878
5889
5911
5928
5951
5974
5995
6041
6057
6059
6079
6090
6095
6101
6117
6151
6172
6194
6203
6236
6286
6366
6367
6368
6382
6413
6414
6441
6442
6471
6472
6486
6498
6505
6533
6573
6601
6608
6633
6639
6693
6732
6742
6792
6793
6827
6954
6978
6979
7023
7025
7092
7108
7109
7122
7160
7177
7211
7221
7250
7263
7294
7317
7326
7338
7399
7432
7482
7492
7646
7759
7783
8089
8108
8119
8121
8147
8177
8212
8255
8274
8287
8321
8338
8347
8348
8364
8366
8393
8406
8484
8538
8550
8561
8604
8642
8656
8676
8711
8717
8760
8788
8802
8821
8833
8851
8879
8894
8937
8980
8981
9005
9008
9094
9140
9142
9171
9181
9191
9217
9229
9363
9392
9414
9416
9419
9431
9451
9486
9579
9588
9615
9632
9641
9652
9661
9764
9809
9828
9893
9919
9939
9961
10007
10057
10084
10093
10099
10102
10142
10150
10267
10289
10298
10367
10437
10460
10556
